11 392
11 670
12 2783
12 2177
11 458
11 1041
12 2037
11 193
11 471
11 476
11 483
12 1690
11 42
11 683
11 907
12 1527
12 1866
12 2426
12 2393
12 1316
11 336
12 2536
11 959
11 319
12 1362
11 302
12 2137
11 154
11 680
11 193
12 3069
12 2819
11 470
11 532
12 2368
12 3055
11 126
12 3041
12 2245
11 603
11 912
12 1385
12 2104
12 1339
11 382
11 363
11 805
12 1308
11 281
11 694
12 1970
12 2349
12 2543
11 534
11 318
11 301
11 990
11 48
11 674
11 44
11 498
12 2501
12 2860
11 932
12 2141
11 1025
11 687
12 2019
11 347
11 461
11 529
12 2208
11 118
10 14
12 1583
10 20
11 152
11 975
12 2554
12 1681
11 414
11 961
11 495
11 619
12 1656
11 763
12 1527
11 202
12 1875
12 2313
12 1578
12 2123
11 1025
12 1650
11 1027
11 919
12 2552
11 935
11 474
12 1531
12 1847
12 2257
12 2491
12 1254
11 157
11 792
11 295
11 410
12 1635
12 2884
12 1395
12 2390
12 1090
11 102
12 2193
12 2860
12 2121
12 1443
11 667
11 109
11 134
11 370
11 766
11 336
12 2379
12 1572
11 514
12 2869
11 71
12 2894
12 1902
11 179
10 20
11 626
12 1430
11 959
12 1063
11 277
11 738
11 68
11 209
11 313
12 1526
11 1017
11 539
12 3028
12 1718
12 1710
10 8
12 1223
12 2614
12 2013
11 168
12 1264
11 425
11 971
11 299
11 761
11 134
11 971
11 877
12 1851
12 2006
12 2864
11 1028
11 661
11 1004
12 2073
11 309
11 875
11 724
12 1462
12 2233
11 186
12 2538
12 2354
11 1007
12 1062
11 197
11 787
11 67
12 1385
12 2741
12 1529
11 1003
12 2950
11 897
11 428
12 2696
11 101
11 91
11 1044
12 1383
10 20
11 1021
12 2482
11 800
12 1075
12 1526
11 238
11 548
12 2210
12 2855
12 2700
11 611
12 1178
12 3063
11 973
11 154
11 955
11 434
12 2950
11 555
11 179
11 640
12 2112
12 1337
11 509
11 628
12 2779
12 2160
11 962
11 108
12 1873
11 279
12 1751
12 3049
11 666
12 2333
12 1146
12 2003
10 9
11 811
11 167
11 43
11 278
11 429
10 16
11 182
11 813
12 3033
12 2683
11 97
12 1392
12 1749
12 2829
12 2618
11 1031
12 3044
11 395
12 2689
11 62
11 379
11 147
12 1800
11 447
12 1287
11 566
11 313
12 2972
12 2803
12 1222
12 2093
12 2274
12 2515
12 2195
12 1453
12 2133
12 2007
12 2191
10 8
12 1222
11 67
12 1778
12 2710
12 1870
11 969
10 7
12 2085
12 2276
12 2435
10 12
11 846
11 449
12 2904
11 757
12 1967
11 371
11 160
12 1160
11 923
11 614
11 507
11 107
12 1362
11 787
12 2578
12 2140
12 1917
12 3003
12 1667
12 2688
12 3033
11 779
12 2583
11 108
11 108
11 57
12 3004
11 1040
12 1255
12 1881
11 112
12 1623
12 2078
12 2496
10 20
12 2836
12 3055
11 451
12 2764
12 1648
11 736
12 1695
12 2150
11 294
12 1782
12 1784
11 236
11 138
12 2693
11 405
12 1721
12 1658
11 340
11 50
11 901
12 1287
12 2516
11 614
12 1889
11 175
11 438
11 228
12 1302
11 753
11 261
12 1137
11 1047
12 2159
12 2739
12 1130
11 244
12 1895
12 1466
11 40
12 1804
12 2598
12 1162
11 319
12 2968
12 1716
11 141
12 1325
12 1247
11 62
12 2605
12 1283
12 1758
11 31
12 1847
12 2629
12 1245
12 1435
11 231
11 27
11 91
12 1429
11 955
12 1622
12 1639
12 2145
11 924
12 1219
11 929
12 2511
12 2173
11 294
12 1484
12 1217
11 558
12 2354
11 927
12 2830
11 936
12 1882
12 2722
12 1635
12 2244
12 1729
11 94
12 2118
11 735
11 681
12 1507
11 763
12 2254
12 2018
11 203
12 1968
11 710
12 2999
12 1353
12 2933
11 78
11 216
11 1017
12 2150
12 1369
11 1040
11 833
12 1161
12 2344
11 365
12 1077
12 2743
10 12
12 2305
12 2503
11 260
12 1706
12 1808
12 1181
11 827
12 1807
12 1344
12 2390
12 1362
11 505
12 2734
12 1364
12 2601
11 434
12 1252
11 225
11 527
12 2376
11 161
12 1151
12 1970
12 1241
12 2800
12 2745
10 12
12 1151
11 432
12 2991
11 211
11 234
12 1804
11 304
12 2811
12 1449
11 174
12 2477
11 58
11 430
11 591
11 713
12 1520
12 2391
11 424
12 2617
11 460
12 2006
11 740
11 923
12 2811
10 2
12 1440
11 801
11 504
12 1615
12 2900
12 2413
11 959
12 1668
12 2784
11 174
12 1050
12 2971
11 40
12 1977
12 2109
11 893
10 19
12 1467
12 2259
12 2881
12 1464
11 87
11 593
11 975
11 399
11 402
11 938
12 1101
12 2000
10 14
11 801
11 841
12 2853
12 1284
10 14
11 342
12 2889
12 1765
12 1073
11 617
11 668
12 1417
12 2730
12 1414
12 2409
11 805
12 2024
12 2768
11 273
12 2586
12 1891
12 1079
12 2336
11 1005
10 8
12 1741
11 147
11 150
11 44
12 2542
11 993
12 2858
12 2779
11 126
12 2095
12 1610
10 1
12 2374
12 2623
11 653
12 1706
11 721
12 1402
11 848
11 138
12 2183
12 1960
12 1843
11 1024
12 2722
12 1830
10 8
12 2887
11 634
12 1334
11 458
12 1212
12 3014
12 1523
12 2850
12 2660
11 839
11 62
12 1107
12 2785
12 1724
12 2221
11 516
10 22
12 1535
12 2985
11 398
11 766
12 1651
12 2918
12 1754
11 949
11 438
12 1454
11 1011
12 2220
11 439
11 962
11 648
11 371
11 280
12 1364
12 2538
12 1484
12 2492
12 2695
11 623
12 1531
12 1826
12 1151
11 411
11 1035
11 239
11 411
11 483
11 83
11 829
11 583
12 1928
10 13
11 158
12 2389
11 229
11 469
12 2984
12 2787
11 155
12 1151
12 1417
12 1842
11 529
12 3040
12 2174
11 597
11 396
12 1704
12 2691
11 422
11 363
11 307
12 2455
11 252
12 2977
11 893
11 248
11 174
11 1037
12 2449
12 2475
12 1110
12 2650
12 2794
11 210
12 2274
12 2354
11 318
11 44
11 936
11 617
12 2310
11 328
12 2327
11 322
11 280
12 1750
11 396
12 2907
12 1907
12 2093
11 283
11 189
11 507
11 428
12 1969
11 687
11 570
12 1382
11 1034
11 544
12 1819
11 459
10 6
12 2605
11 670
11 527
12 2470
10 5
11 745
12 1776
12 2492
12 1151
11 757
11 926
12 1381
12 1496
12 2077
12 2854
11 319
12 1607
12 2601
10 9
11 1027
11 884
12 1827
12 2421
11 998
12 1929
12 3007
11 511
11 644
12 1255
12 1869
10 12
12 1932
12 1588
12 1267
12 1146
12 1419
12 2649
11 634
12 2724
12 2770
11 241
11 578
11 489
11 543
12 2793
11 990
12 1869
12 2085
11 420
12 2681
11 925
12 1579
11 701
11 69
11 634
11 692
12 2731
11 683
12 1093
11 692
12 3040
12 1958
12 1871
12 1462
12 2459
11 598
12 1085
11 383
11 673
12 2353
12 2438
12 2009
12 1093
12 1709
11 684
12 2244
12 1306
11 493
12 1727
12 1508
12 1468
10 23
11 784
12 2174
11 1042
11 197
11 535
12 1763
12 1227
10 23
11 776
12 1463
11 1019
12 1085
11 924
12 3042
12 2022
12 2460
11 991
12 2918
12 2014
11 354
11 134
11 76
11 818
11 767
12 2396
11 263
12 2707
12 2978
11 161
11 326
12 1119
12 2792
12 2691
11 733
12 3066
12 1225
11 944
12 1597
11 877
12 1186
12 2677
12 1629
11 896
11 459
11 102
12 2188
12 1904
11 871
12 1567
11 281
11 307
11 367
12 2434
12 1747
12 2258
12 1182
11 248
12 2807
11 205
10 10
11 137
12 2179
11 526
11 60
12 1665
11 280
12 1532
11 202
11 681
12 2844
11 826
11 584
11 92
11 652
11 333
11 60
12 2522
11 704
10 12
12 2942
12 2176
12 2205
11 488
11 798
12 2196
11 161
11 582
12 2150
11 163
11 630
12 2253
12 2541
11 700
11 594
12 1843
10 22
10 23
12 1477
12 1490
12 1335
11 297
12 1939
12 1451
12 1206
12 2629
12 2831
11 1033
12 1678
11 36
11 35
11 474
11 680
11 779
12 1717
11 870
11 782
12 2563
12 2514
11 642
11 503
12 1462
12 2459
11 799
12 1699
11 828
12 1830
12 1335
12 2582
11 988
11 476
11 1011
11 987
12 1390
11 577
12 1232
11 199
12 1874
10 10
12 2803
11 178
12 1182
12 2696
12 2761
12 2150
12 2974
11 307
12 2406
11 358
12 3024
11 141
12 2408
12 3003
12 1774
11 186
11 409
10 6
12 1338
12 1518
11 402
12 2284
12 2480
11 222
11 474
12 1965
12 2584
12 1733
12 2380
11 398
12 2811
11 337
11 928
11 98
11 1048
11 892
11 680
11 596
11 725
11 559
11 784
11 653
11 762
11 92
11 644
12 2408
11 236
12 2573
11 384
11 535
12 2645
11 33
12 1968
11 422
12 2342
12 2194
11 883
12 1572
12 1632
11 336
12 1174
12 1360
12 2720
12 1630
12 1732
11 546
12 2521
11 1017
12 2270
11 662
12 2738
11 760
11 499
12 1514
11 135
11 786
12 2637
12 1295
11 174
12 2202
12 3014
12 1079
12 1611
12 1082
11 288
11 539
10 20
12 2113
12 2974
12 1197
12 2713
12 1088
12 2190
12 1592
11 615
12 1834
11 919
11 485
12 1289
11 323
11 81
12 1763
12 1212
12 1415
