11 1392
11 1670
11 1607
11 1385
11 1458
11 1273
11 1978
11 1193
11 1471
11 1476
11 1483
11 1284
11 1042
11 1683
11 1766
11 1984
11 1636
11 1732
11 1666
11 1562
11 1336
11 1952
11 1870
11 1319
11 1653
11 1302
11 1345
11 1154
11 1680
11 1193
11 1996
11 1496
11 1470
11 1528
11 1616
11 1968
11 1126
11 1940
11 1453
11 1603
11 1776
11 1700
11 1312
11 1608
11 1382
11 1363
11 1562
11 1546
11 1281
11 1694
11 1844
11 1578
11 1966
11 1532
11 1318
11 1301
11 1932
11 1048
11 1674
11 1044
11 1498
11 1882
11 1578
11 1816
11 1349
11 1257
11 1687
11 1942
11 1347
11 1461
11 1522
11 1416
11 1118
10 1014
11 1070
10 1020
11 1152
11 1902
11 1988
11 1266
11 1414
11 1874
11 1495
11 1619
11 1216
11 1763
11 1984
11 1202
11 1654
11 1506
11 1060
11 1331
11 1257
11 1204
11 1259
11 1790
11 1984
11 1822
11 1474
11 1992
11 1598
11 1465
11 1862
11 1614
11 1157
11 1536
11 1295
11 1410
11 1174
11 1626
11 1720
11 1660
11 1364
11 1102
11 1401
11 1578
11 1329
11 1816
11 1667
11 1109
11 1134
11 1370
11 1766
11 1336
11 1638
11 1048
11 1492
11 1596
11 1071
11 1645
11 1708
11 1179
10 1020
11 1626
11 1789
11 1870
11 1310
11 1277
11 1738
11 1068
11 1209
11 1313
11 1981
11 1986
11 1539
11 1914
11 1340
11 1324
10 1008
11 1583
11 1340
11 1930
11 1168
11 1624
11 1425
11 1894
11 1299
11 1761
11 1134
11 1894
11 1706
11 1606
11 1916
11 1585
11 1260
11 1661
11 1960
11 1281
11 1309
11 1702
11 1724
11 1853
11 1441
11 1186
11 1956
11 1588
11 1966
11 1308
11 1197
11 1526
11 1067
11 1700
11 1565
11 1988
11 1958
11 1757
11 1746
11 1428
11 1504
11 1101
11 1091
11 1276
11 1696
10 1020
11 1994
11 1844
11 1552
11 1334
11 1981
11 1238
11 1548
11 1418
11 1568
11 1512
11 1611
11 1538
11 1984
11 1898
11 1154
11 1862
11 1434
11 1757
11 1555
11 1179
11 1640
11 1320
11 1604
11 1509
11 1628
11 1603
11 1368
11 1876
11 1108
11 1650
11 1279
11 1406
11 1956
11 1666
11 1546
11 1476
11 1910
10 1009
11 1574
11 1167
11 1043
11 1278
11 1429
10 1016
11 1182
11 1578
11 1924
11 1478
11 1097
11 1713
11 1402
11 1516
11 1348
11 1263
11 1946
11 1395
11 1490
11 1062
11 1379
11 1147
11 1504
11 1447
11 1504
11 1566
11 1313
11 1802
11 1627
11 1582
11 1301
11 1482
11 1910
11 1403
11 1836
11 1341
11 1918
11 1399
10 1008
11 1582
11 1067
11 1460
11 1532
11 1644
11 1890
10 1007
11 1293
11 1484
11 1750
10 1012
11 1644
11 1449
11 1666
11 1757
11 1838
11 1371
11 1160
11 1504
11 1798
11 1614
11 1507
11 1107
11 1653
11 1526
11 1274
11 1348
11 1738
11 1864
11 1238
11 1488
11 1924
11 1510
11 1279
11 1108
11 1108
11 1057
11 1866
11 1272
11 1615
11 1666
11 1112
11 1150
11 1286
11 1872
10 1020
11 1530
11 1968
11 1451
11 1588
11 1200
11 1736
11 1294
11 1358
11 1294
11 1468
11 1472
11 1236
11 1138
11 1498
11 1405
11 1346
11 1220
11 1340
11 1050
11 1754
11 1504
11 1912
11 1614
11 1682
11 1175
11 1438
11 1228
11 1533
11 1753
11 1261
11 1458
11 1279
11 1367
11 1563
11 1444
11 1244
11 1694
11 1861
11 1040
11 1512
11 1308
11 1508
11 1319
11 1793
11 1336
11 1141
11 1580
11 1607
11 1062
11 1322
11 1496
11 1420
11 1031
11 1598
11 1370
11 1605
11 1800
11 1231
11 1027
11 1091
11 1788
11 1862
11 1148
11 1182
11 1353
11 1800
11 1579
11 1810
11 1902
11 1381
11 1294
11 1898
11 1577
11 1558
11 1588
11 1806
11 1517
11 1824
11 1668
11 1546
11 1174
11 1452
11 1362
11 1094
11 1326
11 1735
11 1681
11 1944
11 1763
11 1462
11 1940
11 1203
11 1840
11 1710
11 1856
11 1636
11 1724
11 1078
11 1216
11 1986
11 1358
11 1668
11 1272
11 1618
11 1506
11 1568
11 1365
11 1338
11 1567
10 1012
11 1490
11 1886
11 1260
11 1316
11 1520
11 1541
11 1606
11 1518
11 1617
11 1660
11 1653
11 1505
11 1558
11 1658
11 1314
11 1434
11 1612
11 1225
11 1518
11 1632
11 1161
11 1486
11 1844
11 1601
11 1624
11 1569
10 1012
11 1486
11 1432
11 1840
11 1211
11 1234
11 1512
11 1304
11 1635
11 1828
11 1174
11 1834
11 1058
11 1430
11 1591
11 1713
11 1969
11 1662
11 1424
11 1346
11 1460
11 1916
11 1740
11 1798
11 1635
10 1002
11 1809
11 1554
11 1504
11 1134
11 1658
11 1706
11 1870
11 1240
11 1608
11 1174
11 1284
11 1800
11 1040
11 1858
11 1317
11 1738
10 1019
11 1864
11 1467
11 1620
11 1857
11 1087
11 1593
11 1902
11 1399
11 1402
11 1828
11 1386
11 1904
10 1014
11 1554
11 1634
11 1564
11 1498
10 1014
11 1342
11 1636
11 1434
11 1330
11 1617
11 1668
11 1764
11 1554
11 1757
11 1698
11 1562
11 1952
11 1592
11 1273
11 1284
11 1686
11 1342
11 1552
11 1962
10 1008
11 1386
11 1147
11 1150
11 1044
11 1964
11 1938
11 1573
11 1603
11 1126
11 1303
11 1124
10 1001
11 1628
11 1358
11 1653
11 1316
11 1721
11 1733
11 1648
11 1138
11 1391
11 1824
11 1590
11 2000
11 1546
11 1564
10 1008
11 1632
11 1634
11 1597
11 1458
11 1572
11 1885
11 1976
11 1557
11 1432
11 1630
11 1062
11 1398
11 1609
11 1352
11 1429
11 1496
10 1022
11 2000
11 1828
11 1398
11 1766
11 1206
11 1693
11 1412
11 1850
11 1438
11 1837
11 1974
11 1428
11 1439
11 1876
11 1648
11 1371
11 1280
11 1658
11 1956
11 1898
11 1864
11 1502
11 1623
11 1992
11 1556
11 1486
11 1411
11 1267
11 1239
11 1411
11 1483
11 1083
11 1610
11 1583
11 1760
10 1013
11 1158
11 1658
11 1229
11 1469
11 1826
11 1611
11 1155
11 1486
11 1764
11 1588
11 1522
11 1937
11 1382
11 1597
11 1396
11 1312
11 1494
11 1422
11 1363
11 1307
11 1790
11 1252
11 1812
11 1738
11 1248
11 1174
11 1269
11 1778
11 1830
11 1404
11 1412
11 1618
11 1210
11 1482
11 1588
11 1318
11 1044
11 1824
11 1617
11 1500
11 1328
11 1534
11 1322
11 1280
11 1404
11 1396
11 1672
11 1718
11 1301
11 1283
11 1189
11 1507
11 1428
11 1842
11 1687
11 1570
11 1693
11 1266
11 1544
11 1542
11 1459
10 1006
11 1322
11 1670
11 1518
11 1820
10 1005
11 1745
11 1456
11 1864
11 1486
11 1757
11 1804
11 1692
11 1922
11 1285
11 1565
11 1319
11 1118
11 1314
10 1009
11 1259
11 1720
11 1558
11 1722
11 1948
11 1762
11 1872
11 1511
11 1644
11 1615
11 1642
10 1012
11 1768
11 1080
11 1627
11 1476
11 1768
11 1410
11 1634
11 1548
11 1594
11 1241
11 1578
11 1489
11 1543
11 1617
11 1932
11 1642
11 1293
11 1420
11 1474
11 1802
11 1062
11 1701
11 1069
11 1634
11 1692
11 1555
11 1683
11 1370
11 1692
11 1937
11 1820
11 1646
11 1853
11 1798
11 1598
11 1354
11 1383
11 1673
11 1586
11 1756
11 1922
11 1370
11 1322
11 1684
11 1452
11 1541
11 1493
11 1358
11 1946
11 1866
10 1023
11 1520
11 1382
11 1274
11 1197
11 1534
11 1430
11 1587
10 1023
11 1504
11 1856
11 1990
11 1354
11 1800
11 1941
11 1948
11 1800
11 1934
11 1693
11 1932
11 1354
11 1134
11 1076
11 1588
11 1767
11 1672
11 1263
11 1526
11 1813
11 1161
11 1326
11 1422
11 1616
11 1494
11 1733
11 1989
11 1585
11 1840
11 1098
11 1706
11 1546
11 1466
11 1162
11 1744
11 1459
11 1102
11 1396
11 1712
11 1694
11 1038
11 1281
11 1307
11 1367
11 1748
11 1398
11 1466
11 1542
11 1248
11 1631
11 1205
10 1010
11 1137
11 1387
11 1516
11 1060
11 1234
11 1280
11 1994
11 1202
11 1681
11 1546
11 1604
11 1584
11 1092
11 1652
11 1333
11 1060
11 1924
11 1704
10 1012
11 1741
11 1384
11 1413
11 1488
11 1548
11 1404
11 1161
11 1582
11 1358
11 1163
11 1630
11 1461
11 1962
11 1700
11 1594
11 1590
10 1022
10 1023
11 1884
11 1909
11 1600
11 1297
11 1782
11 1832
11 1566
11 1370
11 1520
11 1265
11 1260
11 1036
11 1035
11 1474
11 1680
11 1510
11 1338
11 1692
11 1516
11 1259
11 1908
11 1642
11 1503
11 1853
11 1798
11 1550
11 1302
11 1608
11 1564
11 1600
11 1278
11 1928
11 1476
11 1974
11 1926
11 1709
11 1577
11 1592
11 1199
11 1652
10 1010
11 1627
11 1178
11 1542
11 1504
11 1585
11 1358
11 1805
11 1307
11 1692
11 1358
11 1905
11 1141
11 1696
11 1864
11 1452
11 1186
11 1409
10 1006
11 1605
11 1965
11 1402
11 1492
11 1840
11 1222
11 1474
11 1834
11 1280
11 1370
11 1640
11 1398
11 1635
11 1337
11 1808
11 1098
11 1280
11 1736
11 1680
11 1596
11 1725
11 1559
11 1520
11 1653
11 1762
11 1092
11 1644
11 1696
11 1236
11 1269
11 1384
11 1534
11 1402
11 1033
11 1840
11 1422
11 1564
11 1402
11 1718
11 1048
11 1168
11 1336
11 1532
11 1649
11 1544
11 1164
11 1368
11 1546
11 1922
11 1986
11 1478
11 1662
11 1562
11 1760
11 1499
11 1957
11 1135
11 1524
11 1386
11 1520
11 1174
11 1410
11 1885
11 1342
11 1126
11 1348
11 1288
11 1539
10 1020
11 1321
11 1805
11 1557
11 1537
11 1360
11 1398
11 1088
11 1615
11 1572
11 1790
11 1485
11 1508
11 1323
11 1081
11 1430
11 1572
11 1760
