20
200
S 1 427861 593758 763723 1031542 1
S 1 74473 148020 516244 546265 0
S 0 184300 157652 304105 795904 1
G 1 645542 621051 
G 0 990497 163118 
G 1 396602 233157 
S 0 215640 233990 976151 359295 0
S 0 210059 169853 833224 400840 0
S 0 379766 573907 458466 721795 1
G 1 597937 1007747 
G 0 642368 21533 
S 0 230013 62403 592634 568729 1
S 1 235073 268513 775891 650956 0
G 0 815998 606465 
G 1 514764 340393 
S 1 11086 100946 775381 397656 1
G 1 122005 102108 
G 0 794638 817899 
S 0 137987 149867 778102 868921 1
G 0 792398 894999 
S 0 582560 257507 645805 530528 1
S 1 417267 713067 868288 747691 0
G 1 492409 483154 
S 0 285696 345625 999885 968803 0
G 0 168345 928905 
S 0 390169 135059 855078 1004929 0
S 1 249417 613689 766011 709809 1
S 0 308967 154971 434400 268436 0
S 1 409863 734358 779839 1031079 1
G 0 242516 836838 
S 1 149234 391768 787824 697921 1
G 0 271225 292337 
G 1 656047 630301 
G 0 53971 435062 
G 1 96025 763603 
S 1 327788 241605 777424 552380 1
S 1 584092 930280 735704 987674 0
G 0 408000 599872 
G 1 150011 1009202 
G 0 631259 949976 
S 0 362697 77291 950328 733125 1
S 1 335725 352081 760630 800253 0
S 0 203958 246397 436961 448959 1
S 0 888087 142925 990081 694014 1
G 1 209293 406311 
S 1 544798 379048 686086 590440 0
S 1 325183 68899 1020074 672189 0
G 0 355464 347195 
S 1 47321 441938 929203 560688 1
G 0 230515 5771 
S 0 14533 103009 429255 858134 1
G 1 102542 906379 
S 1 6536 53667 597011 1037971 1
S 1 322522 613883 809141 963581 1
G 1 766695 813658 
G 0 840001 383903 
G 1 151270 118874 
S 1 260566 309937 685106 425363 0
S 0 895922 158646 964673 435921 0
S 0 226136 136519 506468 825335 0
G 0 436850 680572 
S 1 63090 659861 974257 834927 0
S 0 262489 529681 740465 856217 0
G 0 533219 576230 
S 0 22437 188406 547743 430890 1
S 0 339420 308158 603274 894998 0
S 1 294869 147361 745677 803988 0
G 1 755419 421680 
S 0 28234 136497 203797 305744 1
G 0 426498 81961 
G 0 248042 584276 
G 1 29317 781030 
G 0 798603 468472 
S 1 295799 231081 420394 857798 0
G 1 209252 579023 
G 0 191226 871704 
G 0 518035 206314 
G 1 975971 707587 
G 0 861053 783185 
G 1 7622 804919 
G 1 1004440 951043 
S 0 515884 42139 580355 208128 0
S 0 644132 883365 671724 1006701 0
S 1 94700 349625 170684 920812 1
S 1 434617 55709 535421 612856 0
G 0 935404 994060 
G 1 336251 243961 
G 1 738317 59509 
S 0 381808 13050 930780 910451 0
G 1 191912 256323 
G 1 66423 833713 
S 0 81125 370727 468348 537967 1
G 0 576967 54257 
G 1 170947 774808 
S 1 422309 770901 852204 992147 0
G 0 174952 346725 
S 1 592919 188582 628630 727580 1
S 0 167338 124796 807525 874786 1
S 1 314415 207999 475870 368584 0
S 1 870289 33620 925590 396919 1
S 0 239897 211499 915048 316908 0
G 1 169201 335585 
S 1 345553 374708 1031048 514781 1
S 0 30993 716117 958279 1041653 0
S 1 632209 255898 793849 773573 0
S 1 55255 168071 785431 277933 1
G 1 297755 526177 
G 1 156500 765411 
G 0 650481 195896 
G 0 977247 635818 
S 1 612595 69446 750448 810619 1
G 0 811003 877894 
S 1 610932 540301 925980 802271 1
S 0 8908 296369 466838 781888 0
S 0 186502 618666 671516 1015217 1
G 1 570329 583322 
S 1 333426 282449 613168 959037 1
G 0 871025 925041 
G 0 833962 347196 
S 0 812889 806326 997289 834792 1
S 1 554678 315220 738216 861723 1
G 0 716602 829343 
S 1 362389 1024802 524821 1032867 1
G 0 32905 481057 
G 1 1043004 349619 
S 1 186043 534963 887155 619047 0
G 1 149275 522328 
G 0 781506 93155 
S 0 441433 338921 643755 649635 1
S 1 248441 506465 549909 691624 0
G 1 39706 490025 
G 1 758612 511323 
G 0 923243 220811 
G 1 919147 206646 
S 0 370901 295785 394685 531835 0
S 1 754018 126169 781297 1045186 0
G 1 797370 264270 
S 0 513935 75061 558461 88943 0
S 0 1721 103032 566753 414993 0
S 1 751980 185803 840901 936543 1
G 0 153010 712120 
G 0 212790 601531 
S 0 348211 399616 700586 937557 0
S 0 818640 102946 925217 882320 1
S 0 289536 396628 708110 756857 1
S 0 835641 105246 977807 969733 1
S 0 897734 210452 1022940 281214 0
S 0 483429 706946 917937 859523 1
G 1 1042677 642791 
S 0 458438 772372 799247 960423 0
S 0 274308 547813 317767 672315 0
G 0 775963 974028 
S 0 62666 175398 300653 453200 0
G 0 765871 183568 
S 1 709492 453337 918429 788226 0
G 1 347886 562082 
S 0 411798 234036 686563 462161 0
S 1 300620 346961 358092 663687 0
S 0 779437 315847 927519 1000282 1
G 0 975365 551491 
S 1 568062 187126 865084 806922 0
G 1 820360 720250 
G 1 79872 257531 
S 0 535404 623567 820129 870367 1
S 1 281490 77330 474428 456392 0
G 1 102269 518980 
S 0 671831 105155 937870 542315 1
S 0 97944 402437 704438 668370 0
G 1 330374 549746 
S 1 417556 228479 575469 465560 1
S 1 785652 506414 973290 659283 0
G 0 1021129 351705 
G 1 532738 572836 
S 0 244441 248092 410338 1047403 0
S 0 176297 257617 886997 339840 0
G 0 340114 363700 
G 1 186352 1006207 
S 0 766663 69373 818395 532947 1
S 0 7526 441618 616719 450833 0
S 1 422087 96316 967108 273462 0
G 1 919860 825631 
G 0 239937 110732 
G 0 103186 152047 
S 1 908510 15130 1037718 453998 0
G 0 900292 418612 
G 1 462193 1048216 
S 1 649481 132273 994546 955287 0
S 1 131852 585079 1004783 692368 1
S 1 340465 330056 812694 859100 0
G 0 400841 38976 
S 1 616507 696480 694315 850198 0
S 0 144341 322300 678043 487108 0
S 1 102326 965146 888299 965505 1
G 0 965149 715199 
S 0 242548 740977 278381 1042907 1
S 0 444319 559252 510112 798579 0
S 1 208444 100456 743025 955313 1
S 1 281188 164065 905494 877473 1
G 1 64945 1022261 
S 0 167717 71976 398831 333250 0
