20
325
S 0 1 4 5 5 1
S 1 5 1 6 7 1
S 0 1 4 4 7 1
S 0 5 1 5 1 1
S 0 3 2 5 4 0
S 0 2 5 2 6 1
S 0 411 926 1358 958 1
S 1 222 65 1819 1329 0
S 1 1 2 2 7 1
S 1 1 6 3 6 1
S 1 2710 9670 25956 15522 1
S 1 12690 901 23413 26593 0
S 1 9975 3835 14646 9698 0
S 1 10 5 23 27 1
S 0 9 5 13 11 1
S 1 2 19 17 29 0
S 1 27 14 28 24 1
S 0 3 2 3 3 0
S 0 148537 198986 227967 239926 1
S 0 86 235 432 300 0
S 1 0 0 3 0 1
S 1 1 1 2 2 0
S 1 10519 7547 31509 29428 0
S 0 109044 118041 160170 248000 1
S 1 13602 60346 73117 794388 1
S 1 504287 616686 919730 697737 1
S 1 7001 308 53738 19072 0
S 1 44104 43215 86670 81816 1
S 1 46219 15236 70490 74428 1
S 1 27468 2947 46893 30950 0
S 1 197679 943641 265620 978845 1
S 0 59167 101328 249099 235173 0
S 1 25 26 29 44 0
S 1 0 0 0 0 1
S 0 1147 642 1832 1061 0
S 0 0 2 0 13 1
S 1 8 10 8 11 1
S 1 1 1 3 2 0
S 1 82 26 140 203 0
S 1 187 70 197 242 0
S 0 34561 212442 231082 213515 0
S 0 32025 46115 129844 203001 1
S 0 55749 42097 219111 174242 1
S 0 5211 4749 238723 15062 0
S 0 29826 49316 160124 212563 0
S 0 4 1 5 3 1
S 1 89950 170338 154440 214218 1
S 1 59436 40888 117624 74810 0
S 0 1 28 13 50 0
S 1 80 54 122 91 0
S 0 93 45 103 91 1
S 1 17 41 89 53 1
S 1 626317 951776 929836 1032173 0
S 1 87864 277464 446433 296280 1
S 1 7899 28771 12019 30463 1
S 0 93461 48799 224724 176151 1
S 1 0 0 0 0 0
S 0 23405 18243 28026 21510 1
S 0 11 15 12 27 0
S 0 1346 8607 24302 17927 1
S 0 13 1 57 25 1
S 1 35 37 51 53 1
S 0 802 304 4322 4379 0
S 0 1173 434 2592 2690 0
S 1 1146 1021 6076 5952 0
S 0 2619 1570 7663 7555 0
S 1 8991 3871 18325 15093 1
S 0 380702 315268 494798 384076 1
S 1 161448 313331 204912 365759 0
S 0 0 4 6 5 1
S 0 8 9 110 96 0
S 0 69 58 127 100 0
S 0 247 571 1341 1097 1
S 1 863 1290 1115 1944 0
S 1 247226 55284 258088 190565 0
S 1 190 22 201 46 0
S 0 128 42 216 134 1
S 0 61 15 249 93 0
S 1 49 32 198 82 0
S 0 85267 111734 138622 171329 0
S 1 399377 363439 495318 394882 1
S 1 162924 197089 227158 323014 0
S 1 5 6 29 30 0
S 1 9447 1199 12880 15993 0
S 0 39898 2129 734769 440774 0
S 1 202390 580485 742379 827457 0
S 0 77222 55136 119387 60138 1
S 1 861 5314 5892 6648 1
S 0 6215 1469 7796 7096 0
S 1 3147 2980 6794 3323 0
S 1 1313 6523 6721 7634 0
S 0 2741 947 3388 3602 1
S 1 1179 2690 5626 6170 0
S 1 1 1 1 7 0
S 0 22824 41699 40454 60740 1
S 1 2783 2561 4460 5068 1
S 0 2103 1285 7373 1659 0
S 0 0 7 10 13 0
S 1 10 10 20 28 1
S 0 2 2 4 5 0
S 0 0 3 0 3 0
S 1 1 2 1 3 0
S 1 1770 624 3511 2485 0
S 1 928 862 2011 2328 0
S 0 1292 1522 3529 1926 0
S 1 559 1659 1149 2039 1
S 1 832 3 1343 82 0
S 0 21 1 28 13 0
S 0 395 5004 10423 6802 1
S 0 1 2 13 8 0
S 1 22314 7071 31140 19010 0
S 1 12 14 14 25 1
S 0 7 10 18 24 1
S 0 18 14 22 22 0
S 1 665103 254625 827817 966529 1
S 1 0 0 1 1 0
S 0 1 1 1 1 1
S 1 4262 322 17661 20481 1
S 0 5806 36249 61291 57190 1
S 0 59616 28195 227426 33286 1
S 1 6 2 8 10 0
S 0 9 2 12 8 1
S 1 8178 8321 12618 14510 1
S 1 323250 159167 424776 448635 1
S 0 155221 9292 155557 71995 1
S 1 42 53 123 74 0
S 0 0 0 0 1 0
S 0 40589 9595 63810 51484 0
S 1 115 354 135 737 1
S 1 136 787 444 1021 0
S 0 455 375 730 694 0
S 0 305 213 860 552 1
S 0 132 16 374 587 0
S 1 332 323 785 665 1
S 0 0 1 3 3 0
S 1 0 0 0 0 0
S 1 813 956 1394 1284 0
S 0 2645 1410 3976 3079 1
S 0 362 1295 3567 3319 1
S 1 204 3216 1230 3282 0
S 1 2986 1348 3794 3410 0
S 1 1488 1438 3497 2448 0
S 1 12 26 56 32 1
S 0 0 0 0 1 1
S 1 58100 81646 117173 124039 1
S 1 1 0 2 2 1
S 0 2 1 3 3 1
S 1 140746 223471 155283 237564 0
S 0 1 1 2 3 0
S 0 78148 437 1044931 371515 1
S 0 56732 886054 409731 991619 0
S 1 19803 19389 36535 50856 1
S 0 9612 2172 14302 3565 1
S 1 4371 10333 19420 16671 0
S 1 4105 8726 26742 25124 1
S 1 7406 15640 12997 24867 1
S 0 96650 86041 486360 481943 0
S 0 144313 360633 333694 451150 0
S 0 44 2 70 54 1
S 0 123229 117822 463173 499442 0
S 1 73756 85249 518998 327251 0
S 1 430 644 1072 794 1
S 1 992 107 2798 1849 1
S 0 322 3483 1613 3952 1
S 0 485 1344 3010 3636 1
S 1 539 2948 2218 3480 0
S 1 1017 735 2441 996 0
S 0 71460 88035 108538 223513 1
S 1 202311 35853 240522 117891 0
S 1 39405 14187 134744 72368 0
S 1 948 3337 9684 16355 0
S 1 9812 2646 11249 6900 1
S 1 14669 9582 14739 13424 0
S 0 7277 5298 16237 9311 0
S 1 0 0 2 1 0
S 1 2 2 3 2 0
S 1 0 1 2 3 1
S 1 13 6 28 28 0
S 1 14 4 28 6 0
S 1 988 185 1297 1047 0
S 0 56 9 62 23 0
S 1 6 31 26 48 0
S 0 14 19 57 56 0
S 0 34 24 47 39 0
S 0 32870 27554 47994 53012 0
S 0 298668 416000 392937 730930 0
S 0 0 0 0 0 1
S 1 69 15 71 118 0
S 1 100 65 109 75 1
S 0 1662 166 3310 738 0
S 1 974 3881 999 3941 0
S 0 450 25 479 190 1
S 0 422 19 511 357 1
S 0 757 223 790 632 0
S 1 1861 1066 2281 7992 0
S 0 10944 19586 12127 21391 1
S 0 4860 14691 7146 22997 1
S 0 1664 1193 2158 1943 0
S 0 270 1373 1287 3559 1
S 1 1813 1657 3943 1913 1
S 0 3052 419 4004 1931 0
S 0 2633 507 2788 1018 1
S 1 2531 2262 3732 3217 1
S 0 1 4 1 5 1
S 1 39 18 118 137 1
S 1 59 1 332 981 0
S 0 321027 86877 350621 217146 1
S 0 22 1 25 15 1
S 1 0 0 0 0 1
S 1 10 53 82 99 0
S 1 2 3 3 3 1
S 0 3 0 3 2 1
S 1 0 1 3 1 1
S 1 0 0 0 0 0
S 1 125236 254934 359616 275493 0
S 1 9648 4200 24121 16914 0
S 0 5089 21738 12948 30777 1
S 0 681803 848333 739218 943804 1
S 1 89600 742264 953104 1025229 0
S 1 0 0 1 1 1
S 0 566 887 1958 1976 0
S 1 867 13 1186 2035 0
S 0 14 43 90 46 0
S 1 58 46 110 106 1
S 0 10 4 90 124 1
S 1 70478 22000 109016 64463 0
S 0 18 393 953 697 0
S 1 710 781 1003 913 0
S 1 0 0 0 0 1
S 0 0 0 1 0 1
S 1 0 0 0 0 1
S 0 0 0 0 0 0
S 0 145 82 732 394 1
S 1 105 568 724 632 1
S 1 0 0 0 0 0
S 0 107 94 234 107 1
S 1 4 39 230 220 0
S 1 97 48 150 99 0
S 1 119 181 161 214 0
S 0 8 134 206 205 0
S 0 9366 13685 24830 16944 1
S 1 13272 6731 24015 14238 0
S 1 36 84 51 114 0
S 1 21 44 119 94 0
S 0 0 0 0 0 1
S 1 66956 20575 92544 53968 0
S 0 79707 9117 86738 41803 0
S 1 17099 103820 107687 105492 0
S 1 38770 31767 100218 106748 1
S 0 367 325 386 440 0
S 0 425 174 440 333 1
S 1 7227 224 29763 8200 1
S 1 277068 411951 440793 518749 0
S 1 134591 218068 473045 403367 0
S 0 15177 68161 332317 222091 1
S 1 204868 235648 333183 519849 0
S 1 1 1 1 1 1
S 0 1 1 1 1 0
S 1 12497 55536 62863 77456 1
S 1 18946 43459 41323 89658 1
S 0 0 0 0 1 0
S 0 17 46 75 127 0
S 1 268454 82654 360409 413934 0
S 1 104 47 123 121 1
S 0 48 1 195 96 0
S 0 3 6 197 100 1
S 1 657 1043 1115 1790 0
S 1 627 65 1595 198 1
S 1 632 524 1076 1464 0
S 0 3495 51887 57777 56761 0
S 0 40594 27262 64250 37815 1
S 0 192873 108420 848999 689022 0
S 0 417265 473368 470596 894963 1
S 0 0 2 1 2 1
S 1 0 2 3 3 1
S 1 1 0 3 1 1
S 0 8408 8829 11213 13667 1
S 1 267640 72012 463590 466521 0
S 0 9847 2229 12404 6702 1
S 0 0 0 0 0 0
S 1 0 0 0 0 1
S 1 0 0 0 0 0
S 1 0 0 0 0 0
S 1 0 0 0 0 1
S 0 970 4785 24129 27231 0
S 1 100804 4867 156249 27379 1
S 0 52 1 189 96 0
S 1 167 8 245 187 1
S 1 0 1 0 1 0
S 0 830 1288 6667 3196 1
S 1 3245 1154 6754 3009 0
S 1 20456 32348 54964 55354 0
S 0 48 28 100 90 0
S 1 16499 26455 23823 30017 1
S 1 11415 5379 11423 11844 1
S 1 177990 143250 278118 360849 0
S 0 88171 10587 499928 465442 1
S 0 0 0 0 0 1
S 1 2014 1760 3855 2685 0
S 0 1493 1177 4708 7040 1
S 1 48770 8186 63846 42982 1
S 1 327100 373063 425967 401258 0
S 0 1 1 1 1 0
S 0 0 1 1 1 0
S 0 0 1 0 1 0
S 1 1 1 1 2 1
S 1 356 261 459 373 1
S 0 36 230 267 358 1
S 1 11 32 86 39 1
S 1 241 2765 6207 7268 0
S 1 4807 5412 8175 7451 1
S 0 12 18 26 25 1
S 0 23 1 25 21 0
S 0 22 64 104 111 1
S 0 1 45 76 104 0
S 0 6 12 28 27 1
S 1 0 1 0 1 1
S 0 0 0 0 0 0
S 0 0 0 1 1 0
S 1 595 1121 635 1218 1
S 0 3 11 45 14 1
S 1 0 0 0 0 1
S 1 0 0 1 1 0
S 0 8270 271 12393 3622 1
S 0 40 3 43 10 1
