1
1
0
0
0
0
0
0
0
0
0
0
0
1
1
1
1
1
0
0
0
0
1
0
1
0
0
1
1
1
1
1
1
0
1
0
0
0
0
0
1
0
0
0
0
0
1
1
1
1
1
1
1
1
1
1
0
1
0
0
0
0
0
0
0
0
0
0
0
0
1
1
1
1
0
0
1
1
1
1
1
0
1
1
1
1
0
0
1
1
0
1
1
1
1
1
0
0
0
1
1
0
0
0
0
1
1
1
1
0
0
0
0
0
0
0
0
0
1
0
1
1
1
0
0
0
1
1
0
0
1
1
0
0
0
1
1
0
1
0
1
1
0
0
0
1
0
0
0
0
0
0
1
1
1
0
0
1
1
1
1
0
0
1
0
0
0
1
1
0
0
0
0
0
0
1
0
1
1
0
0
0
0
0
0
0
0
0
1
1
1
0
1
1
0
0
0
1
0
1
0
0
0
1
1
0
0
0
0
0
0
1
1
1
1
1
1
1
0
0
0
0
0
1
0
1
1
1
0
0
0
0
1
1
1
1
1
1
Completion
4.36489e+06
93
606394
1.05889e+06
183368
2.00735e+06
0
