1
1
0
0
0
0
0
0
0
0
0
0
0
1
1
1
1
1
0
0
0
0
1
0
1
0
0
1
1
1
1
1
1
0
1
0
0
0
0
0
1
0
0
0
0
0
1
1
1
1
1
1
1
1
1
1
0
1
0
0
0
0
0
0
0
0
0
0
0
0
1
1
1
1
0
1
1
1
1
1
1
0
1
1
1
1
0
0
1
1
0
1
1
1
1
1
0
0
0
1
0
0
1
0
1
0
1
1
1
0
0
0
0
0
0
0
0
0
1
0
1
0
1
0
0
0
1
1
0
0
1
1
0
0
0
1
1
0
1
0
1
1
0
0
0
1
0
0
0
0
0
0
1
1
1
0
0
1
1
1
1
0
0
1
0
0
0
1
1
0
0
0
0
0
0
1
0
0
1
0
0
0
0
0
0
0
0
0
1
1
1
0
1
1
0
0
0
1
0
1
0
0
0
1
1
0
0
0
0
0
0
1
1
1
1
1
1
1
0
0
0
0
0
1
0
1
1
1
0
0
0
0
1
0
1
0
0
1
Completion
4.34598e+06
145
601755
899638
191147
1.89574e+06
0
