1
1
0
0
0
0
0
0
0
0
0
0
0
1
1
1
1
1
0
0
0
0
1
1
1
1
1
0
0
0
0
0
0
0
1
0
0
0
0
0
1
0
0
0
0
0
1
1
1
1
1
1
1
1
1
1
0
1
0
0
0
0
0
0
0
0
0
0
0
0
1
1
1
1
0
0
1
1
1
1
1
0
1
1
1
1
0
0
1
1
1
1
1
1
1
1
0
0
0
1
0
0
1
1
1
0
1
1
1
0
0
0
0
0
0
0
0
0
1
0
1
1
1
0
0
0
1
1
0
0
1
1
0
0
0
1
1
0
0
0
1
1
0
0
0
1
0
0
0
0
0
0
1
1
1
0
0
1
1
1
1
0
0
1
0
0
0
1
1
0
0
0
0
0
0
1
0
1
1
0
0
0
0
0
0
0
0
0
1
1
1
0
1
1
0
0
0
1
0
1
0
0
0
0
1
0
0
0
0
0
0
1
1
1
1
1
0
1
0
0
0
0
0
1
1
1
1
1
0
0
0
0
1
1
1
1
1
1
Completion
2.1099e+06
1210
506098
1.11876e+06
197388
970391
8.70274e+06
